1793 2732 
1793 2733 
1793 2734 
1793 2735 
1793 2736 
1793 2737 
1793 2738 
1793 2739 
1792 2740 
1791 2741 
1791 2742 
1790 2743 
1789 2743 
1789 2744 
1788 2745 
1787 2746 
1786 2746 
1785 2746 
1784 2747 
1783 2748 
1782 2748 
1781 2749 
1780 2749 
1779 2750 
1778 2750 
1777 2750 
1776 2750 
1775 2750 
1774 2750 
1773 2750 
1772 2751 
1771 2751 
1770 2751 
1769 2751 
1768 2751 
1767 2752 
1766 2752 
1765 2752 
1764 2752 
1763 2752 
1762 2752 
1761 2752 
1760 2752 
1759 2753 
1758 2753 
1757 2753 
1756 2753 
1755 2753 
1754 2753 
1753 2753 
1752 2753 
1751 2753 
1750 2753 
1749 2753 
1748 2753 
1747 2752 
1746 2752 
1745 2752 
1744 2752 
1743 2752 
1742 2752 
1741 2752 
1740 2752 
1739 2752 
1738 2751 
1737 2751 
1736 2751 
1735 2751 
1734 2750 
1733 2750 
1732 2750 
1731 2750 
1730 2750 
1729 2750 
1728 2750 
1727 2750 
1726 2750 
1725 2749 
1724 2749 
1723 2749 
1722 2748 
1722 2747 
1721 2747 
1720 2747 
1719 2747 
1718 2747 
1717 2747 
1716 2747 
1715 2747 
1714 2746 
1713 2746 
1712 2746 
1711 2746 
1710 2746 
1709 2745 
1708 2745 
1707 2745 
1706 2745 
1705 2745 
1704 2745 
1703 2745 
1702 2745 
1701 2745 
1700 2744 
1699 2743 
1698 2743 
1697 2743 
1696 2743 
1695 2743 
1694 2743 
1693 2743 
1692 2743 
1691 2743 
1690 2743 
1689 2742 
1688 2742 
1687 2742 
1686 2742 
1685 2741 
1684 2741 
1683 2741 
1682 2741 
1681 2741 
1680 2741 
1679 2741 
1678 2740 
1677 2740 
1676 2739 
1675 2739 
1674 2739 
1673 2739 
1672 2739 
1671 2739 
1670 2739 
1669 2739 
1668 2739 
1667 2739 
1666 2739 
1665 2738 
1664 2738 
1663 2738 
1662 2738 
1661 2738 
1660 2738 
1659 2738 
1658 2738 
1657 2738 
1656 2738 
1655 2738 
1654 2738 
1653 2738 
1652 2738 
1651 2739 
1650 2739 
1649 2739 
1648 2739 
1647 2739 
1646 2739 
1645 2739 
1644 2739 
1643 2739 
1643 2740 
1643 2741 
1643 2742 
1643 2743 
1643 2744 
1643 2745 
1643 2746 
1643 2747 
1642 2748 
1641 2749 
1641 2750 
1640 2751 
1640 2752 
1639 2753 
1639 2754 
1638 2755 
1637 2756 
1636 2756 
1635 2757 
1634 2758 
1633 2758 
1632 2758 
1631 2758 
1630 2759 
1629 2759 
1628 2759 
1627 2760 
1626 2760 
1625 2760 
1624 2761 
1623 2761 
1622 2761 
1621 2762 
1620 2763 
1619 2763 
1618 2764 
1617 2764 
1616 2764 
1615 2765 
1614 2765 
1613 2765 
1612 2765 
1611 2765 
1610 2765 
1609 2765 
1608 2765 
1607 2765 
1606 2765 
1605 2765 
1604 2765 
1603 2765 
1602 2765 
1601 2766 
1600 2766 
1599 2766 
1598 2766 
1597 2766 
1596 2766 
1595 2766 
1594 2766 
1593 2766 
1592 2766 
1591 2766 
1590 2766 
1589 2766 
1588 2766 
1587 2766 
1586 2766 
1585 2766 
1584 2766 
1583 2766 
1582 2766 
1581 2766 
1580 2765 
1579 2765 
1578 2765 
1577 2765 
1576 2765 
1575 2765 
1574 2765 
1573 2765 
1572 2765 
1571 2765 
1570 2765 
1569 2765 
1568 2765 
1567 2765 
1566 2765 
1565 2765 
1564 2764 
1563 2764 
1562 2764 
1561 2764 
1560 2764 
1559 2764 
1558 2764 
1557 2764 
1556 2764 
1555 2764 
1554 2764 
1553 2764 
1552 2764 
1551 2764 
1550 2765 
1549 2765 
1548 2765 
1547 2765 
1546 2765 
1545 2765 
1544 2766 
1543 2766 
1542 2766 
1542 2767 
1543 2768 
1544 2769 
1544 2770 
1544 2771 
1545 2772 
1545 2773 
1545 2774 
1545 2775 
1545 2776 
1544 2777 
1544 2778 
1544 2779 
1544 2780 
1543 2781 
1543 2782 
1542 2783 
1542 2784 
1542 2785 
1541 2786 
1540 2787 
1539 2788 
1538 2789 
1537 2790 
1536 2790 
1535 2791 
1534 2791 
1533 2792 
1532 2792 
1531 2793 
1530 2793 
1529 2793 
1528 2794 
1527 2794 
1526 2794 
1525 2794 
1524 2794 
1523 2794 
1522 2795 
1521 2795 
1520 2795 
1519 2795 
1518 2795 
1517 2795 
1516 2795 
1515 2795 
1514 2795 
1513 2795 
1512 2796 
1511 2796 
1510 2796 
1509 2796 
1508 2796 
1507 2796 
1506 2796 
1505 2797 
1504 2797 
1503 2797 
1502 2797 
1501 2797 
1500 2797 
1499 2796 
1498 2797 
1497 2797 
1496 2797 
1495 2797 
1494 2797 
1493 2797 
1492 2797 
1491 2797 
1490 2797 
1489 2797 
1488 2796 
1487 2796 
1486 2796 
1485 2796 
1484 2796 
1483 2796 
1482 2796 
1481 2796 
1480 2796 
1479 2796 
1478 2796 
1477 2796 
1476 2796 
1475 2796 
1474 2796 
1473 2796 
1472 2796 
1471 2796 
1470 2796 
1469 2796 
1468 2796 
1467 2796 
1466 2797 
1465 2797 
1464 2797 
1463 2797 
1462 2797 
1461 2797 
1460 2797 
1459 2797 
1458 2797 
1457 2797 
1456 2797 
1455 2797 
1454 2797 
1453 2797 
1452 2797 
1451 2797 
1450 2797 
1449 2798 
1448 2798 
1447 2798 
1446 2798 
1445 2798 
1444 2798 
1443 2798 
1443 2799 
1444 2800 
1444 2801 
1444 2802 
1444 2803 
1444 2804 
1444 2805 
1444 2806 
1444 2807 
1444 2808 
1443 2809 
1443 2810 
1443 2811 
1443 2812 
1443 2813 
1442 2814 
1442 2815 
1441 2816 
1440 2817 
1440 2818 
1439 2819 
1439 2820 
1438 2821 
1437 2822 
1436 2822 
1435 2822 
1434 2823 
1433 2823 
1432 2824 
1431 2825 
1430 2825 
1429 2826 
1428 2826 
1427 2827 
1426 2827 
1425 2828 
1424 2828 
1423 2829 
1422 2829 
1421 2830 
1420 2830 
1419 2830 
1418 2830 
1417 2831 
1416 2831 
1415 2832 
1414 2832 
1413 2832 
1412 2832 
1411 2833 
1410 2833 
1409 2833 
1408 2833 
1407 2833 
1406 2834 
1405 2834 
1404 2834 
1403 2835 
1402 2835 
1401 2835 
1400 2835 
1399 2835 
1398 2835 
1397 2835 
1396 2835 
1395 2835 
1394 2836 
1393 2836 
1392 2836 
1391 2836 
1390 2836 
1389 2836 
1388 2836 
1387 2836 
1386 2836 
1385 2836 
1384 2836 
1383 2836 
1382 2837 
1381 2838 
1380 2838 
1379 2838 
1378 2838 
1377 2838 
1376 2838 
1375 2838 
1374 2838 
1373 2838 
1372 2839 
1371 2839 
1370 2839 
1369 2839 
1368 2840 
1367 2840 
1366 2840 
1365 2840 
1364 2841 
1363 2841 
1362 2841 
1361 2842 
1360 2842 
1359 2842 
1358 2842 
1357 2843 
1356 2843 
1355 2843 
1354 2843 
1353 2844 
1352 2844 
1351 2845 
1350 2845 
1351 2846 
1352 2847 
1352 2848 
1352 2849 
1352 2850 
1352 2851 
1352 2852 
1352 2853 
1351 2854 
1351 2855 
1351 2856 
1351 2857 
1350 2858 
1350 2859 
1350 2860 
1349 2861 
1349 2862 
1348 2863 
1348 2864 
1348 2865 
1347 2866 
1346 2867 
1345 2867 
1345 2868 
1344 2869 
1343 2869 
1342 2870 
1341 2870 
1340 2871 
1339 2871 
1338 2871 
1337 2871 
1336 2871 
1335 2872 
1334 2872 
1333 2872 
1332 2873 
1331 2873 
1330 2873 
1329 2874 
1328 2874 
1327 2874 
1326 2875 
1325 2875 
1324 2876 
1323 2876 
1322 2877 
1321 2877 
1320 2877 
1319 2877 
1318 2877 
1317 2878 
1316 2878 
1315 2878 
1314 2878 
1313 2879 
1312 2879 
1311 2879 
1310 2879 
1309 2879 
1308 2879 
1307 2879 
1306 2879 
1305 2879 
1304 2880 
1303 2880 
1302 2880 
1301 2880 
1300 2881 
1299 2881 
1298 2881 
1297 2881 
1296 2881 
1295 2881 
1294 2881 
1293 2882 
1292 2882 
1291 2882 
1290 2882 
1289 2883 
1288 2883 
1287 2883 
1286 2883 
1285 2883 
1284 2883 
1283 2883 
1282 2883 
1281 2883 
1280 2884 
1279 2884 
1278 2884 
1277 2884 
1276 2884 
1275 2884 
1274 2885 
1273 2885 
1272 2885 
1271 2885 
1270 2885 
1269 2885 
1268 2885 
1267 2886 
1266 2886 
1265 2886 
1264 2886 
1263 2886 
1262 2886 
1261 2886 
1260 2886 
1259 2886 
1258 2886 
1257 2886 
1256 2886 
1255 2886 
1254 2887 
1253 2887 
1252 2887 
1251 2888 
1250 2888 
1249 2888 
1248 2888 
1247 2888 
1246 2888 
1245 2888 
1244 2888 
1245 2889 
1245 2890 
1246 2891 
1246 2892 
1247 2893 
1247 2894 
1247 2895 
1247 2896 
1247 2897 
1247 2898 
1247 2899 
1247 2900 
1247 2901 
1247 2902 
1247 2903 
1247 2904 
1247 2905 
1247 2906 
1246 2907 
1245 2908 
1244 2909 
1244 2910 
1243 2911 
1243 2912 
1242 2913 
1241 2914 
1240 2915 
1239 2915 
1238 2916 
1237 2916 
1236 2916 
1235 2917 
1234 2917 
1233 2918 
1232 2918 
1231 2919 
1230 2919 
1229 2919 
1228 2919 
1227 2920 
1226 2920 
1225 2921 
1224 2921 
1223 2922 
1222 2922 
1221 2923 
1220 2924 
1219 2924 
1218 2925 
1217 2925 
1216 2926 
1215 2926 
1214 2927 
1213 2927 
1212 2927 
1211 2928 
1210 2928 
1209 2928 
1208 2928 
1207 2929 
1206 2929 
1205 2929 
1204 2930 
1203 2930 
1202 2930 
1201 2931 
1200 2931 
1199 2931 
1198 2931 
1197 2931 
1196 2932 
1195 2932 
1194 2932 
1193 2933 
1192 2933 
1191 2933 
1190 2933 
1189 2933 
1188 2933 
1187 2933 
1186 2933 
1185 2933 
1184 2933 
1183 2933 
1182 2933 
1181 2933 
1181 2934 
1182 2935 
1182 2936 
1182 2937 
1182 2938 
1182 2939 
1182 2940 
1182 2941 
1182 2942 
1182 2943 
1181 2944 
1181 2945 
1181 2946 
1180 2947 
1179 2948 
1178 2949 
1178 2950 
1177 2951 
1176 2952 
1175 2953 
1174 2953 
1173 2954 
1172 2955 
1171 2955 
1170 2956 
1169 2956 
1168 2957 
1167 2957 
1166 2958 
1165 2958 
1164 2958 
1163 2959 
1162 2959 
1161 2959 
1160 2959 
1159 2960 
1158 2960 
1157 2960 
1156 2961 
1155 2961 
1154 2961 
1153 2962 
1152 2963 
1151 2963 
1150 2963 
1149 2964 
1148 2964 
1147 2964 
1146 2964 
1145 2964 
1144 2964 
1143 2965 
1142 2965 
1141 2965 
1140 2965 
1139 2965 
1138 2965 
1137 2965 
1136 2965 
1135 2965 
1134 2965 
1134 2966 
1134 2967 
1134 2968 
1134 2969 
1134 2970 
1134 2971 
1134 2972 
1134 2973 
1133 2974 
1133 2975 
1132 2976 
1131 2977 
1130 2978 
1129 2979 
1128 2979 
1127 2980 
1126 2980 
1125 2980 
1124 2981 
1123 2981 
1122 2981 
1121 2982 
1120 2982 
1119 2982 
1118 2983 
1117 2983 
1116 2983 
1115 2983 
1114 2983 
1113 2983 
1112 2984 
1111 2984 
1110 2984 
1109 2984 
1108 2984 
1107 2984 
1106 2984 
1105 2984 
1104 2984 
1103 2984 
1102 2984 
1101 2984 
1100 2984 
1099 2984 
1098 2983 
1097 2983 
1096 2983 
1095 2983 
1094 2983 
1093 2983 
1092 2982 
1091 2982 
1090 2982 
1089 2982 
1088 2981 
1087 2981 
1086 2981 
1085 2981 
1084 2981 
1083 2981 
1082 2981 
1081 2980 
1080 2980 
1079 2980 
1078 2980 
1077 2980 
1076 2979 
1075 2979 
1074 2978 
1073 2978 
1072 2978 
1071 2977 
1070 2977 
1069 2977 
1068 2976 
1067 2976 
1067 2977 
1067 2978 
1066 2979 
1065 2980 
1064 2981 
1063 2982 
1062 2983 
1061 2984 
1060 2984 
1059 2985 
1058 2985 
1057 2985 
1056 2985 
1055 2985 
1054 2985 
1053 2985 
1052 2985 
1051 2985 
1050 2985 
1049 2985 
1048 2985 
1047 2985 
1046 2985 
1045 2985 
1044 2985 
1043 2985 
1042 2985 
1041 2985 
1040 2985 
1039 2984 
1038 2984 
1037 2984 
1036 2984 
1035 2984 
1034 2984 
1033 2984 
1032 2984 
1031 2983 
1030 2983 
1029 2983 
1028 2983 
1027 2982 
1026 2982 
1025 2982 
1024 2981 
1023 2981 
1022 2981 
1021 2981 
1020 2980 
1019 2980 
1018 2979 
1017 2979 
1017 2980 
1017 2981 
1017 2982 
1017 2983 
1017 2984 
1016 2985 
1016 2986 
1016 2987 
1016 2988 
1016 2989 
1016 2990 
1015 2991 
1015 2992 
1014 2993 
1013 2994 
1012 2995 
1011 2996 
1011 2997 
1011 2998 
1011 2999 
1011 3000 
1011 3001 
1011 3002 
1010 3003 
1010 3004 
1009 3005 
1008 3006 
1007 3006 
1006 3006 
1005 3006 
1004 3006 
1003 3006 
1002 3005 
1001 3005 
1000 3005 
999 3005 
998 3005 
997 3005 
996 3004 
995 3004 
994 3004 
993 3004 
992 3004 
991 3004 
990 3004 
989 3004 
988 3004 
987 3003 
986 3003 
985 3003 
984 3003 
983 3003 
982 3003 
981 3003 
980 3003 
979 3003 
978 3003 
977 3003 
976 3003 
975 3002 
974 3002 
973 3002 
972 3001 
971 3001 
970 3001 
969 3000 
968 2999 
967 3000 
966 3000 
965 3000 
964 3000 
963 3000 
962 2999 
961 2999 
960 2998 
959 2999 
958 2999 
957 2999 
956 2999 
955 2999 
954 2998 
953 2998 
952 2998 
951 2998 
950 2997 
949 2997 
948 2997 
948 2998 
948 2999 
948 3000 
948 3001 
948 3002 
948 3003 
948 3004 
948 3005 
949 3006 
949 3007 
949 3008 
950 3009 
951 3010 
952 3011 
952 3012 
953 3012 
954 3012 
955 3012 
956 3012 
957 3012 
958 3012 
959 3012 
960 3013 
961 3013 
962 3013 
963 3013 
964 3014 
965 3014 
966 3014 
967 3014 
968 3014 
969 3015 
970 3015 
971 3015 
972 3016 
973 3016 
974 3016 
975 3016 
976 3017 
977 3017 
978 3017 
979 3018 
980 3018 
981 3018 
982 3019 
983 3019 
984 3019 
985 3020 
986 3020 
987 3020 
988 3021 
989 3021 
990 3022 
991 3022 
992 3023 
993 3023 
994 3023 
995 3024 
996 3024 
997 3025 
998 3026 
999 3027 
1000 3028 
1000 3029 
1001 3030 
1002 3031 
1002 3032 
1002 3033 
1003 3034 
1003 3035 
1003 3036 
1004 3037 
1004 3038 
1004 3039 
1004 3040 
1004 3041 
1005 3041 
1006 3041 
1007 3041 
1008 3041 
1009 3041 
1010 3041 
1011 3041 
1012 3041 
1013 3042 
1014 3042 
1015 3042 
1016 3042 
1017 3043 
1018 3043 
1019 3043 
1020 3044 
1021 3044 
1022 3044 
1023 3045 
1024 3045 
1025 3045 
1026 3046 
1027 3046 
1028 3047 
1029 3047 
1030 3047 
1031 3048 
1032 3048 
1033 3049 
1034 3049 
1035 3050 
1036 3050 
1037 3050 
1038 3051 
1039 3051 
1040 3051 
1041 3052 
1042 3052 
1043 3052 
1044 3053 
1045 3053 
1046 3053 
1047 3054 
1048 3055 
1049 3055 
1050 3056 
1051 3057 
1052 3058 
1053 3058 
1054 3059 
1055 3059 
1056 3059 
1057 3060 
1058 3060 
1059 3060 
1060 3060 
1061 3061 
1062 3061 
1063 3062 
1064 3062 
1065 3063 
1066 3064 
1067 3065 
1068 3065 
1069 3066 
1069 3067 
1070 3068 
1071 3069 
1071 3070 
1071 3071 
1071 3072 
1072 3073 
1072 3074 
1072 3075 
1072 3076 
1072 3077 
1072 3078 
1071 3079 
1072 3079 
1073 3079 
1074 3079 
1075 3080 
1076 3080 
1077 3080 
1078 3081 
1079 3081 
1080 3081 
1081 3082 
1081 3083 
1082 3083 
1083 3083 
1084 3084 
1085 3084 
1086 3085 
1087 3085 
1088 3085 
1089 3086 
1090 3086 
1091 3086 
1092 3087 
1093 3087 
1094 3087 
1095 3088 
1096 3089 
1097 3089 
1098 3090 
1099 3090 
1100 3091 
1101 3091 
1102 3092 
1103 3093 
1104 3093 
1105 3094 
1106 3094 
1107 3095 
1108 3095 
1109 3096 
1110 3096 
1111 3096 
1112 3096 
1113 3096 
1114 3097 
1115 3097 
1116 3098 
1117 3099 
1118 3100 
1119 3101 
1120 3102 
1121 3103 
1122 3104 
1123 3105 
1124 3106 
1125 3107 
1125 3108 
1126 3109 
1127 3110 
1127 3111 
1128 3112 
1128 3113 
1128 3114 
1128 3115 
1128 3116 
1128 3117 
1128 3118 
1128 3119 
1128 3120 
1128 3121 
1128 3122 
1128 3123 
1127 3124 
1126 3125 
1125 3126 
1125 3127 
1126 3127 
1127 3128 
1128 3128 
1129 3128 
1130 3129 
1131 3130 
1132 3130 
1133 3131 
1134 3131 
1135 3132 
1135 3133 
1136 3133 
1137 3133 
1138 3134 
1139 3135 
1140 3135 
1141 3136 
1142 3137 
1143 3137 
1144 3138 
1145 3138 
1146 3139 
1147 3140 
1148 3141 
1149 3141 
1150 3142 
1151 3143 
1152 3144 
1153 3144 
1154 3145 
1155 3146 
1156 3147 
1157 3148 
1158 3149 
1159 3150 
1160 3151 
1161 3151 
1162 3152 
1163 3153 
1164 3153 
1165 3154 
1166 3155 
1167 3155 
1168 3156 
1169 3157 
1169 3158 
1170 3158 
1171 3159 
1171 3160 
1172 3160 
1173 3160 
1174 3161 
1175 3162 
1176 3162 
1177 3163 
1177 3164 
1178 3164 
1179 3165 
1179 3166 
1180 3166 
1181 3167 
1181 3168 
1182 3169 
1183 3170 
1183 3171 
1184 3172 
1184 3173 
1184 3174 
1185 3175 
1185 3176 
1185 3177 
1185 3178 
1185 3179 
1185 3180 
1184 3181 
1184 3182 
1183 3183 
1182 3184 
1181 3185 
1180 3186 
1179 3187 
1180 3187 
1181 3188 
1182 3188 
1183 3189 
1184 3189 
1185 3189 
1186 3190 
1187 3190 
1188 3191 
1189 3191 
1190 3192 
1191 3193 
1192 3194 
1193 3194 
1194 3195 
1195 3195 
1196 3196 
1197 3196 
1198 3197 
1199 3197 
1200 3198 
1201 3199 
1202 3199 
1203 3200 
1204 3201 
1205 3201 
1206 3202 
1207 3202 
1208 3203 
1209 3204 
1210 3205 
1211 3205 
1212 3205 
1213 3206 
1214 3207 
1214 3208 
1215 3208 
1216 3209 
1217 3209 
1218 3210 
1219 3210 
1220 3211 
1221 3212 
1222 3212 
1223 3212 
1224 3213 
1225 3213 
1226 3214 
1227 3215 
1228 3216 
1229 3216 
1230 3217 
1231 3217 
1232 3218 
1233 3218 
1234 3218 
1235 3219 
1236 3220 
1237 3220 
1238 3220 
1239 3221 
1240 3221 
1241 3222 
1242 3222 
1243 3223 
1243 3224 
1244 3225 
1245 3226 
1246 3227 
1247 3228 
1248 3229 
1249 3230 
1250 3231 
1251 3232 
1251 3233 
1252 3234 
1252 3235 
1253 3236 
1253 3237 
1254 3238 
1254 3239 
1255 3240 
1255 3241 
1255 3242 
1255 3243 
1255 3244 
1255 3245 
1255 3246 
1255 3247 
1255 3248 
1254 3249 
1254 3250 
1254 3251 
1253 3252 
1253 3253 
1253 3254 
1252 3255 
1252 3256 
1251 3257 
1250 3257 
1249 3258 
1248 3258 
1247 3258 
1246 3258 
1245 3258 
1246 3258 
1247 3259 
1248 3259 
1249 3260 
1250 3260 
1251 3260 
1252 3261 
1253 3261 
1254 3262 
1255 3262 
1256 3262 
1257 3263 
1258 3263 
1259 3263 
1260 3264 
1261 3264 
1262 3264 
1263 3264 
1264 3265 
1265 3265 
1266 3266 
1267 3266 
1268 3266 
1269 3267 
1270 3268 
1271 3268 
1272 3269 
1273 3270 
1274 3270 
1275 3271 
1276 3272 
1277 3272 
1278 3273 
1279 3273 
1280 3274 
1281 3275 
1282 3275 
1283 3276 
1284 3276 
1285 3276 
1286 3277 
1287 3277 
1288 3277 
1289 3278 
1290 3278 
1291 3278 
1292 3279 
1293 3279 
1294 3280 
1295 3280 
1296 3281 
1297 3281 
1298 3282 
1298 3283 
1299 3283 
1300 3284 
1301 3284 
1302 3285 
1303 3285 
1304 3285 
1305 3286 
1306 3286 
1307 3286 
1308 3287 
1309 3287 
1310 3287 
1311 3288 
1312 3288 
1313 3288 
1314 3289 
1315 3289 
1316 3289 
1317 3290 
1318 3290 
1319 3291 
1320 3291 
1321 3291 
1322 3292 
1323 3292 
1324 3293 
1325 3294 
1326 3294 
1327 3295 
1328 3295 
1329 3296 
1330 3297 
1331 3297 
1332 3298 
1333 3299 
1334 3299 
1335 3299 
1336 3299 
1337 3300 
1338 3301 
1339 3302 
1340 3303 
1341 3303 
1342 3304 
1343 3305 
1344 3306 
1345 3307 
1345 3308 
1346 3309 
1347 3310 
1348 3311 
1349 3312 
1349 3313 
1350 3314 
1350 3315 
1351 3316 
1351 3317 
1351 3318 
1351 3319 
1351 3320 
1351 3321 
1351 3322 
1351 3323 
1351 3324 
1351 3325 
1350 3326 
1350 3327 
1350 3328 
1350 3329 
1349 3330 
1349 3331 
1348 3332 
1348 3333 
1347 3334 
1346 3334 
1345 3335 
1344 3335 
1343 3335 
1344 3335 
1345 3335 
1346 3336 
1347 3336 
1348 3336 
1349 3336 
1350 3337 
1351 3337 
1352 3337 
1353 3337 
1354 3337 
1355 3337 
1356 3338 
1357 3338 
1358 3339 
1359 3339 
1360 3339 
1361 3340 
1362 3340 
1363 3340 
1364 3340 
1365 3341 
1366 3341 
1367 3342 
1368 3342 
1369 3343 
1370 3343 
1371 3344 
1372 3344 
1373 3344 
1374 3345 
1375 3345 
1376 3345 
1377 3346 
1378 3346 
1379 3346 
1380 3346 
1381 3346 
1382 3347 
1383 3347 
1384 3347 
1385 3347 
1386 3348 
1387 3348 
1388 3348 
1389 3348 
1390 3349 
1391 3349 
1392 3349 
1393 3350 
1394 3350 
1395 3350 
1396 3351 
1397 3351 
1398 3351 
1399 3352 
1400 3352 
1401 3352 
1402 3352 
1403 3353 
1404 3353 
1405 3353 
1406 3353 
1407 3354 
1408 3354 
1409 3354 
1410 3354 
1411 3355 
1412 3355 
1413 3355 
1414 3355 
1415 3355 
1416 3355 
1417 3355 
1418 3355 
1419 3355 
1420 3356 
1421 3356 
1422 3356 
1423 3356 
1424 3356 
1425 3356 
1426 3356 
1427 3356 
1428 3357 
1429 3357 
1430 3358 
1431 3358 
1432 3358 
1433 3359 
1434 3359 
1435 3359 
1436 3359 
1437 3360 
1438 3360 
1439 3360 
1440 3360 
1441 3361 
1442 3361 
1443 3362 
1444 3362 
1445 3362 
1446 3362 
1447 3363 
1448 3363 
1449 3363 
1450 3364 
1451 3364 
1452 3364 
1453 3365 
1454 3365 
1455 3366 
1456 3366 
1457 3366 
1458 3366 
1459 3367 
1460 3367 
1461 3367 
1462 3367 
1463 3368 
1464 3368 
1465 3368 
1466 3369 
1467 3369 
1468 3370 
1469 3370 
1470 3370 
1471 3371 
1472 3372 
1473 3372 
1474 3373 
1475 3374 
1476 3374 
1477 3375 
1477 3376 
1478 3376 
1479 3377 
1479 3378 
1480 3378 
1481 3379 
1481 3380 
1482 3381 
1483 3382 
1483 3383 
1484 3384 
1484 3385 
1484 3386 
1484 3387 
1485 3388 
1485 3389 
1485 3390 
1485 3391 
1485 3392 
1485 3393 
1485 3394 
1485 3395 
1485 3396 
1485 3397 
1485 3398 
1485 3399 
1485 3400 
1484 3401 
1484 3402 
1483 3403 
1483 3404 
1482 3405 
1481 3406 
1482 3406 
1483 3406 
1484 3405 
1485 3405 
1486 3405 
1487 3405 
1488 3405 
1489 3405 
1490 3406 
1491 3405 
1492 3405 
1493 3405 
1494 3405 
1495 3405 
1496 3405 
1497 3405 
1498 3406 
1499 3406 
1500 3407 
1501 3408 
1502 3408 
1503 3408 
1504 3408 
1505 3408 
1506 3408 
1507 3408 
1508 3409 
1509 3409 
1510 3409 
1511 3409 
1512 3409 
1513 3409 
1514 3408 
1515 3408 
1516 3408 
1517 3408 
1518 3408 
1519 3408 
1520 3408 
1521 3408 
1522 3408 
1523 3408 
1524 3408 
1525 3408 
1526 3408 
1527 3408 
1528 3408 
1529 3409 
1530 3409 
1531 3409 
1532 3409 
1533 3409 
1534 3409 
1535 3408 
1536 3408 
1537 3408 
1538 3408 
1539 3408 
1540 3408 
1541 3408 
1542 3408 
1543 3408 
1544 3408 
1545 3408 
1546 3407 
1547 3407 
1548 3407 
1549 3407 
1550 3407 
1551 3407 
1552 3407 
1553 3408 
1554 3408 
1555 3408 
1556 3408 
1557 3408 
1558 3408 
1559 3408 
1560 3408 
1561 3408 
1562 3408 
1563 3408 
1564 3408 
1565 3408 
1566 3408 
1567 3408 
1568 3408 
1569 3408 
1570 3408 
1571 3408 
1572 3408 
1573 3408 
1574 3408 
1575 3408 
1576 3408 
1577 3408 
1578 3408 
1579 3408 
1580 3408 
1581 3408 
1582 3408 
1583 3409 
1584 3409 
1585 3409 
1586 3409 
1587 3409 
1588 3409 
1589 3410 
1590 3410 
1591 3410 
1592 3410 
1593 3410 
1594 3410 
1595 3410 
1596 3410 
1597 3410 
1598 3411 
1599 3411 
1600 3412 
1601 3412 
1602 3412 
1603 3412 
1604 3412 
1605 3413 
1606 3413 
1607 3413 
1608 3413 
1609 3413 
1610 3414 
1611 3414 
1612 3414 
1613 3414 
1614 3414 
1615 3415 
1616 3415 
1617 3416 
1618 3416 
1619 3416 
1620 3417 
1621 3418 
1622 3418 
1623 3418 
1624 3419 
1625 3419 
1626 3419 
1627 3420 
1628 3420 
1629 3421 
1630 3422 
1631 3422 
1632 3423 
1633 3424 
1634 3424 
1635 3425 
1636 3426 
1637 3426 
1638 3427 
1638 3428 
1639 3429 
1640 3430 
1640 3431 
1641 3432 
1641 3433 
1641 3434 
1642 3435 
1642 3436 
1642 3437 
1642 3438 
1643 3439 
1643 3440 
1643 3441 
1643 3442 
1643 3443 
1643 3444 
1643 3445 
1642 3446 
1642 3447 
1642 3448 
1642 3449 
1642 3450 
1643 3450 
1644 3449 
1645 3449 
1646 3449 
1647 3449 
1648 3449 
1649 3449 
1650 3449 
1651 3449 
1652 3449 
1653 3449 
1654 3448 
1655 3448 
1656 3448 
1657 3448 
1658 3448 
1659 3448 
1660 3447 
1661 3447 
1662 3447 
1663 3447 
1664 3447 
1665 3447 
1666 3447 
1667 3447 
1668 3447 
1669 3447 
1670 3447 
1671 3446 
1672 3446 
1673 3446 
1674 3446 
1675 3446 
1676 3446 
1677 3446 
1678 3445 
1679 3445 
1680 3445 
1681 3445 
1682 3445 
1683 3445 
1684 3445 
1685 3445 
1686 3445 
1687 3445 
1688 3444 
1689 3444 
1690 3444 
1691 3444 
1692 3444 
1693 3443 
1694 3443 
1695 3443 
1696 3443 
1697 3443 
1698 3443 
1699 3443 
1700 3443 
1701 3443 
1702 3443 
1703 3443 
1704 3443 
1705 3443 
1706 3443 
1707 3443 
1708 3443 
1709 3443 
1710 3443 
1711 3443 
1712 3442 
1713 3442 
1714 3442 
1715 3442 
1716 3441 
1717 3441 
1718 3441 
1719 3441 
1720 3440 
1721 3440 
1722 3440 
1723 3439 
1724 3439 
1725 3439 
1726 3439 
1727 3438 
1728 3438 
1729 3438 
1730 3438 
1731 3438 
1732 3437 
1733 3437 
1734 3437 
1735 3437 
1736 3437 
1737 3437 
1738 3437 
1739 3437 
1740 3437 
1741 3437 
1742 3437 
1743 3437 
1744 3437 
1745 3437 
1746 3437 
1747 3437 
1748 3436 
1749 3436 
1750 3436 
1751 3436 
1752 3435 
1753 3435 
1754 3435 
1755 3435 
1756 3435 
1757 3435 
1758 3435 
1759 3435 
1760 3435 
1761 3435 
1762 3435 
1763 3435 
1764 3435 
1765 3435 
1766 3435 
1767 3435 
1768 3435 
1769 3435 
1770 3435 
1771 3435 
1772 3435 
1773 3435 
1774 3435 
1775 3435 
1776 3435 
1777 3435 
1778 3435 
1779 3435 
1780 3435 
1781 3435 
1782 3435 
1783 3435 
1784 3435 
1785 3436 
1786 3436 
1787 3436 
1788 3436 
1789 3436 
1790 3437 
1791 3437 
1792 3437 
1793 3437 
1794 3437 
1795 3437 
1796 3437 
1797 3438 
1798 3438 
1799 3439 
1800 3439 
1801 3440 
1802 3441 
1803 3441 
1804 3442 
1805 3443 
1806 3443 
1807 3444 
1808 3445 
1809 3446 
1810 3447 
1811 3448 
1812 3449 
1813 3450 
1814 3451 
1814 3452 
1814 3453 
1814 3454 
1815 3454 
1816 3454 
1817 3454 
1818 3454 
1819 3454 
1820 3454 
1821 3454 
1822 3454 
1823 3454 
1824 3453 
1825 3453 
1826 3453 
1827 3453 
1828 3453 
1829 3453 
1830 3453 
1831 3453 
1832 3453 
1833 3453 
1834 3453 
1835 3453 
1836 3453 
1837 3453 
1838 3452 
1839 3452 
1840 3452 
1841 3451 
1842 3451 
1843 3451 
1844 3451 
1845 3450 
1846 3450 
1847 3450 
1848 3450 
1849 3450 
1850 3450 
1851 3449 
1852 3449 
1853 3449 
1854 3449 
1855 3449 
1856 3449 
1857 3449 
1858 3449 
1859 3449 
1860 3449 
1861 3449 
1862 3449 
1863 3449 
1864 3449 
1865 3449 
1866 3448 
1867 3448 
1868 3448 
1869 3448 
1870 3448 
1871 3448 
1872 3448 
1873 3448 
1874 3448 
1875 3448 
1876 3448 
1877 3448 
1878 3448 
1879 3447 
1880 3447 
1881 3447 
1882 3447 
1883 3447 
1884 3447 
1885 3447 
1886 3447 
1887 3447 
1888 3447 
1889 3447 
1890 3447 
1891 3447 
1892 3446 
1893 3446 
1894 3446 
1895 3446 
1896 3446 
1897 3446 
1898 3447 
1899 3447 
1900 3447 
1901 3447 
1902 3447 
1903 3447 
1904 3447 
1905 3446 
1906 3446 
1907 3446 
1908 3446 
1909 3446 
1910 3446 
1911 3446 
1912 3446 
1913 3446 
1914 3446 
1915 3446 
1916 3446 
1917 3446 
1918 3446 
1919 3446 
1920 3447 
1921 3447 
1922 3447 
1923 3448 
1924 3448 
1925 3449 
1926 3449 
1927 3449 
1928 3450 
1929 3450 
1930 3450 
1931 3451 
1932 3451 
1933 3452 
1934 3453 
1935 3453 
1936 3454 
1937 3454 
1938 3455 
1938 3456 
1939 3457 
1939 3458 
1940 3459 
1940 3460 
1940 3461 
1940 3462 
1940 3463 
1940 3464 
1940 3465 
1941 3464 
1942 3463 
1943 3463 
1944 3463 
1945 3462 
1946 3462 
1947 3462 
1948 3462 
1949 3462 
1950 3462 
1951 3462 
1952 3462 
1953 3462 
1954 3462 
1955 3462 
1956 3462 
1957 3462 
1958 3462 
1959 3462 
1960 3462 
1961 3462 
1962 3462 
1963 3462 
1964 3462 
1965 3462 
1966 3462 
1967 3462 
1968 3461 
1969 3461 
1970 3461 
1971 3461 
1972 3461 
1973 3461 
1974 3460 
1975 3460 
1976 3460 
1977 3460 
1978 3460 
1979 3460 
1980 3460 
1981 3460 
1982 3459 
1983 3459 
1984 3459 
1985 3459 
1986 3459 
1987 3459 
1988 3459 
1989 3459 
1990 3459 
1991 3458 
1992 3458 
1993 3458 
1994 3458 
1995 3457 
1996 3456 
1997 3456 
1998 3456 
1999 3456 
2000 3456 
2001 3455 
2002 3455 
2003 3454 
2004 3454 
2005 3454 
2006 3453 
2007 3453 
2008 3452 
2009 3452 
2010 3452 
2011 3452 
2012 3452 
2013 3452 
2014 3452 
2015 3451 
2016 3451 
2017 3451 
2018 3451 
2019 3450 
2020 3450 
2021 3449 
2022 3449 
2023 3449 
2024 3449 
2025 3448 
2026 3448 
2027 3447 
2028 3447 
2029 3447 
2030 3446 
2031 3446 
2032 3445 
2033 3445 
2034 3445 
2035 3444 
2036 3444 
2037 3443 
2038 3443 
2039 3443 
2040 3442 
2041 3442 
2042 3442 
2043 3441 
2044 3441 
2045 3441 
2046 3441 
2047 3440 
2048 3440 
2049 3439 
2050 3439 
2051 3438 
2052 3438 
2053 3438 
2054 3438 
2055 3437 
2056 3437 
2057 3437 
2058 3437 
2059 3437 
2060 3437 
2061 3437 
2062 3437 
2063 3436 
2064 3436 
2065 3435 
2066 3435 
2067 3434 
2068 3434 
2069 3434 
2070 3434 
2071 3434 
2072 3434 
2073 3433 
2074 3433 
2075 3433 
2076 3433 
2077 3433 
2078 3433 
2079 3433 
2080 3433 
2081 3434 
2082 3434 
2083 3434 
2084 3435 
2085 3435 
2086 3435 
2087 3435 
2088 3435 
2089 3435 
2090 3435 
2091 3435 
2092 3435 
2093 3435 
2094 3435 
2095 3436 
2096 3436 
2097 3437 
2098 3437 
2099 3437 
2100 3438 
2101 3438 
2102 3438 
2103 3439 
2104 3439 
2105 3440 
2106 3441 
2107 3442 
2108 3443 
2108 3444 
2109 3445 
2109 3446 
2109 3447 
2109 3448 
2109 3449 
2109 3450 
2109 3451 
2110 3451 
2111 3451 
2112 3450 
2113 3450 
2114 3450 
2115 3450 
2116 3449 
2117 3449 
2118 3449 
2119 3449 
2120 3449 
2121 3449 
2122 3448 
2123 3448 
2124 3448 
2125 3448 
2126 3448 
2127 3447 
2128 3447 
2129 3447 
2130 3447 
2131 3447 
2132 3446 
2133 3446 
2134 3446 
2135 3446 
2136 3446 
2137 3445 
2138 3445 
2139 3444 
2140 3444 
2141 3444 
2142 3444 
2143 3444 
2144 3444 
2145 3443 
2146 3443 
2147 3443 
2148 3443 
2149 3442 
2150 3442 
2151 3442 
2152 3441 
2153 3441 
2154 3440 
2155 3440 
2156 3440 
2157 3440 
2158 3440 
2159 3439 
2160 3439 
2161 3439 
2162 3439 
2163 3438 
2164 3438 
2165 3438 
2166 3437 
2167 3437 
2168 3437 
2169 3437 
2170 3436 
2171 3435 
2172 3435 
2173 3435 
2174 3435 
2175 3435 
2176 3434 
2177 3434 
2178 3434 
2179 3433 
2180 3433 
2181 3433 
2182 3433 
2183 3433 
2184 3433 
2185 3432 
2186 3431 
2187 3431 
2188 3430 
2189 3430 
2190 3430 
2191 3429 
2192 3428 
2193 3427 
2194 3427 
2195 3426 
2196 3426 
2197 3425 
2198 3425 
2199 3425 
2200 3425 
2201 3424 
2202 3424 
2203 3423 
2204 3423 
2205 3422 
2206 3422 
2207 3422 
2208 3422 
2209 3421 
2210 3420 
2211 3420 
2212 3420 
2213 3420 
2214 3419 
2215 3419 
2216 3419 
2217 3418 
2218 3418 
2219 3418 
2220 3418 
2221 3418 
2222 3417 
2223 3417 
2224 3417 
2225 3416 
2226 3416 
2227 3415 
2228 3415 
2229 3414 
2230 3413 
2231 3413 
2232 3412 
2233 3412 
2234 3412 
2235 3411 
2236 3411 
2237 3410 
2238 3410 
2239 3409 
2240 3409 
2241 3408 
2242 3408 
2243 3408 
2244 3408 
2245 3408 
2246 3408 
2247 3408 
2248 3407 
2249 3406 
2250 3406 
2251 3406 
2252 3406 
2253 3405 
2254 3405 
2255 3405 
2256 3404 
2257 3404 
2258 3404 
2259 3404 
2260 3404 
2261 3403 
2262 3403 
2263 3403 
2264 3403 
2265 3402 
2266 3402 
2267 3401 
2268 3401 
2269 3401 
2270 3401 
2271 3400 
2272 3400 
2273 3400 
2274 3400 
2275 3399 
2276 3399 
2277 3399 
2278 3398 
2279 3398 
2280 3398 
2281 3397 
2282 3397 
2283 3397 
2284 3396 
2285 3396 
2286 3396 
2287 3396 
2288 3395 
2289 3395 
2290 3395 
2291 3395 
2292 3394 
2293 3394 
2294 3394 
2295 3393 
2296 3393 
2297 3393 
2298 3392 
2299 3392 
2300 3391 
2301 3391 
2302 3390 
2303 3390 
2304 3389 
2305 3389 
2306 3388 
2307 3388 
2308 3388 
2309 3387 
2310 3387 
2311 3387 
2312 3387 
2313 3386 
2314 3386 
2315 3385 
2316 3384 
2317 3384 
2318 3383 
2319 3383 
2319 3382 
2320 3381 
2321 3381 
2322 3380 
2323 3380 
2324 3379 
2325 3378 
2326 3377 
2327 3377 
2328 3376 
2329 3375 
2330 3375 
2331 3375 
2332 3374 
2333 3374 
2334 3374 
2335 3374 
2336 3373 
2337 3373 
2338 3372 
2339 3372 
2340 3371 
2341 3370 
2342 3370 
2343 3370 
2344 3369 
2345 3369 
2346 3368 
2347 3368 
2348 3367 
2349 3366 
2350 3366 
2351 3365 
2352 3364 
2353 3363 
2354 3363 
2355 3362 
2356 3361 
2357 3360 
2358 3360 
2359 3360 
2360 3359 
2361 3359 
2362 3358 
2363 3358 
2363 3357 
2364 3356 
2365 3356 
2366 3355 
2367 3354 
2368 3354 
2369 3353 
2370 3352 
2371 3351 
2372 3350 
2373 3349 
2374 3349 
2375 3348 
2376 3348 
2377 3347 
2378 3347 
2379 3346 
2380 3345 
2381 3345 
2382 3344 
2383 3344 
2384 3343 
2385 3342 
2386 3341 
2387 3340 
2388 3339 
2389 3339 
2390 3339 
2391 3338 
2392 3337 
2393 3337 
2394 3336 
2395 3335 
2396 3335 
2397 3334 
2398 3333 
2398 3332 
2399 3331 
2400 3331 
2400 3330 
2401 3329 
2402 3329 
2403 3328 
2404 3327 
2405 3327 
2406 3326 
2407 3325 
2408 3325 
2409 3325 
2410 3324 
2411 3323 
2412 3323 
2413 3322 
2414 3321 
2415 3320 
2416 3320 
2417 3319 
2418 3318 
2419 3317 
2420 3316 
2421 3315 
2422 3314 
2423 3314 
2424 3313 
2425 3312 
2426 3311 
2427 3310 
2428 3309 
2429 3309 
2430 3308 
2431 3307 
2431 3306 
2432 3305 
2433 3305 
2434 3304 
2435 3303 
2435 3302 
2436 3301 
2437 3300 
2438 3299 
2438 3298 
2439 3297 
2440 3296 
2441 3295 
2442 3294 
2443 3293 
2444 3292 
2445 3291 
2446 3290 
2447 3289 
2448 3288 
2449 3287 
2450 3287 
2451 3287 
2452 3286 
2453 3285 
2454 3285 
2455 3284 
2456 3284 
2457 3283 
2458 3282 
2459 3281 
2460 3280 
2460 3279 
2461 3278 
2462 3278 
2463 3277 
2464 3276 
2465 3275 
2466 3274 
2467 3274 
2468 3273 
2469 3272 
2470 3272 
2471 3271 
2472 3270 
2473 3269 
2474 3268 
2475 3267 
2476 3266 
2477 3266 
2477 3265 
2478 3264 
2479 3263 
2480 3262 
2481 3262 
2481 3261 
2482 3260 
2483 3260 
2484 3259 
2484 3258 
2485 3257 
2486 3256 
2487 3255 
2488 3254 
2489 3253 
2490 3252 
2491 3251 
2492 3250 
2492 3249 
2493 3248 
2494 3247 
2495 3246 
2495 3245 
2496 3244 
2497 3243 
2497 3242 
2498 3241 
2499 3240 
2500 3239 
2501 3238 
2502 3237 
2503 3236 
2504 3236 
2504 3235 
2505 3234 
2506 3233 
2506 3232 
2507 3231 
2508 3230 
2508 3229 
2509 3228 
2509 3227 
2510 3226 
2511 3225 
2512 3224 
2512 3223 
2513 3222 
2513 3221 
2514 3220 
2514 3219 
2515 3218 
2515 3217 
2516 3216 
2516 3215 
2517 3214 
2517 3213 
2518 3212 
2519 3211 
2519 3210 
2520 3209 
2520 3208 
2520 3207 
2521 3206 
2521 3205 
2521 3204 
2522 3203 
2523 3202 
2523 3201 
2524 3200 
2524 3199 
2525 3198 
2525 3197 
2526 3196 
2526 3195 
2527 3194 
2527 3193 
2528 3192 
2528 3191 
2529 3190 
2529 3189 
2530 3188 
2531 3187 
2531 3186 
2532 3185 
2533 3185 
2534 3184 
2534 3183 
2535 3182 
2535 3181 
2536 3180 
2537 3179 
2538 3178 
2539 3178 
2540 3177 
2541 3176 
2542 3175 
2543 3175 
2544 3174 
2545 3174 
2546 3173 
2547 3173 
2548 3172 
2549 3172 
2550 3172 
2551 3171 
2552 3171 
2553 3171 
2554 3171 
2555 3171 
2555 3170 
2555 3169 
2555 3168 
2555 3167 
2555 3166 
2555 3165 
2555 3164 
2555 3163 
2555 3162 
2555 3161 
2555 3160 
2554 3159 
2553 3159 
2552 3159 
2551 3159 
2550 3159 
2549 3159 
2548 3159 
2547 3159 
2546 3159 
2545 3159 
2544 3159 
2543 3159 
2542 3159 
2541 3159 
2540 3159 
2539 3159 
2538 3159 
2537 3159 
2536 3158 
2535 3158 
2534 3157 
2533 3157 
2532 3157 
2531 3157 
2530 3156 
2529 3156 
2528 3155 
2527 3155 
2526 3154 
2525 3153 
2524 3152 
2523 3151 
2522 3150 
2522 3149 
2521 3148 
2521 3147 
2520 3146 
2520 3145 
2520 3144 
2519 3143 
2519 3142 
2518 3141 
2518 3140 
2518 3139 
2517 3138 
2517 3137 
2517 3136 
2517 3135 
2517 3134 
2517 3133 
2516 3132 
2516 3131 
2516 3130 
2516 3129 
2515 3128 
2515 3127 
2515 3126 
2515 3125 
2515 3124 
2515 3123 
2515 3122 
2514 3121 
2514 3120 
2514 3119 
2514 3118 
2514 3117 
2513 3116 
2513 3115 
2513 3114 
2513 3113 
2513 3112 
2513 3111 
2513 3110 
2512 3109 
2512 3108 
2512 3107 
2512 3106 
2511 3105 
2511 3104 
2511 3103 
2511 3102 
2510 3101 
2510 3100 
2510 3099 
2510 3098 
2510 3097 
2510 3096 
2510 3095 
2509 3094 
2509 3093 
2508 3092 
2508 3091 
2507 3090 
2506 3089 
2506 3088 
2506 3087 
2506 3086 
2505 3085 
2505 3084 
2505 3083 
2505 3082 
2504 3081 
2504 3080 
2504 3079 
2503 3078 
2503 3077 
2503 3076 
2502 3075 
2501 3074 
2501 3073 
2500 3072 
2500 3071 
2499 3070 
2499 3069 
2498 3068 
2498 3067 
2497 3066 
2497 3065 
2496 3064 
2496 3063 
2495 3062 
2495 3061 
2495 3060 
2494 3059 
2493 3058 
2493 3057 
2492 3056 
2492 3055 
2491 3054 
2491 3053 
2490 3052 
2490 3051 
2489 3050 
2488 3049 
2488 3048 
2487 3047 
2486 3046 
2486 3045 
2486 3044 
2485 3043 
2485 3042 
2484 3041 
2483 3040 
2483 3039 
2482 3038 
2481 3037 
2481 3036 
2480 3035 
2479 3034 
2479 3033 
2479 3032 
2478 3031 
2477 3030 
2476 3029 
2475 3028 
2474 3027 
2473 3026 
2472 3025 
2472 3024 
2471 3023 
2470 3022 
2469 3021 
2468 3020 
2468 3019 
2468 3018 
2467 3017 
2466 3016 
2466 3015 
2465 3014 
2464 3013 
2463 3012 
2463 3011 
2462 3010 
2461 3009 
2460 3008 
2459 3007 
2458 3006 
2457 3006 
2456 3005 
2456 3004 
2455 3003 
2454 3002 
2453 3001 
2452 3000 
2451 2999 
2451 2998 
2450 2997 
2449 2996 
2449 2995 
2448 2994 
2447 2993 
2446 2992 
2445 2991 
2445 2990 
2444 2989 
2444 2988 
2443 2987 
2443 2986 
2443 2985 
2442 2984 
2441 2983 
2440 2982 
2440 2981 
2439 2980 
2438 2979 
2438 2978 
2437 2977 
2436 2976 
2435 2975 
2434 2974 
2433 2973 
2432 2973 
2431 2972 
2430 2971 
2429 2970 
2429 2969 
2428 2969 
2427 2968 
2426 2967 
2425 2966 
2425 2965 
2424 2964 
2423 2963 
2422 2962 
2422 2961 
2421 2960 
2420 2959 
2420 2958 
2419 2957 
2418 2956 
2417 2955 
2416 2954 
2415 2953 
2414 2952 
2413 2951 
2412 2950 
2411 2949 
2410 2948 
2409 2947 
2408 2947 
2407 2946 
2406 2945 
2405 2944 
2404 2944 
2403 2943 
2402 2942 
2401 2941 
2400 2940 
2399 2939 
2398 2938 
2397 2938 
2396 2937 
2396 2936 
2395 2935 
2394 2934 
2394 2933 
2393 2933 
2392 2932 
2392 2931 
2391 2931 
2390 2930 
2390 2929 
2389 2929 
2388 2928 
2387 2927 
2386 2926 
2386 2925 
2385 2924 
2384 2923 
2383 2922 
2382 2922 
2381 2921 
2380 2920 
2379 2919 
2378 2918 
2377 2918 
2376 2917 
2375 2916 
2374 2915 
2373 2914 
2373 2913 
2372 2912 
2371 2911 
2370 2910 
2369 2909 
2368 2908 
2367 2908 
2366 2907 
2365 2906 
2364 2905 
2363 2904 
2362 2903 
2361 2902 
2360 2902 
2359 2901 
2358 2900 
2357 2900 
2356 2899 
2355 2898 
2354 2897 
2353 2897 
2352 2896 
2351 2895 
2350 2894 
2349 2894 
2348 2893 
2347 2892 
2346 2892 
2345 2891 
2344 2891 
2343 2890 
2342 2890 
2341 2889 
2340 2888 
2339 2887 
2338 2886 
2337 2885 
2336 2885 
2335 2884 
2334 2884 
2333 2883 
2332 2882 
2331 2881 
2330 2881 
2329 2880 
2328 2879 
2327 2879 
2326 2878 
2325 2877 
2324 2877 
2323 2876 
2322 2875 
2321 2875 
2320 2874 
2319 2874 
2318 2873 
2317 2872 
2316 2871 
2315 2871 
2314 2870 
2313 2869 
2312 2868 
2311 2867 
2310 2866 
2310 2865 
2310 2866 
2310 2867 
2310 2868 
2309 2869 
2309 2870 
2308 2871 
2307 2871 
2306 2871 
2305 2872 
2304 2872 
2303 2872 
2302 2872 
2301 2872 
2300 2872 
2299 2872 
2298 2872 
2297 2872 
2296 2872 
2295 2872 
2294 2872 
2293 2872 
2292 2872 
2291 2872 
2290 2872 
2289 2872 
2288 2871 
2287 2871 
2286 2871 
2285 2871 
2284 2870 
2283 2870 
2282 2870 
2281 2870 
2280 2869 
2279 2869 
2278 2869 
2277 2868 
2276 2867 
2275 2867 
2274 2866 
2273 2865 
2272 2864 
2271 2863 
2270 2863 
2269 2863 
2268 2862 
2268 2861 
2267 2860 
2266 2860 
2265 2859 
2264 2858 
2263 2858 
2262 2857 
2261 2857 
2260 2856 
2259 2856 
2258 2855 
2258 2854 
2257 2854 
2256 2853 
2255 2852 
2254 2852 
2253 2851 
2252 2850 
2251 2850 
2250 2849 
2249 2848 
2248 2847 
2247 2847 
2246 2846 
2245 2845 
2244 2844 
2243 2844 
2242 2843 
2241 2842 
2240 2841 
2239 2840 
2238 2840 
2237 2839 
2236 2838 
2235 2838 
2234 2837 
2234 2836 
2233 2836 
2232 2836 
2231 2835 
2230 2835 
2229 2834 
2228 2833 
2227 2833 
2226 2832 
2225 2831 
2224 2831 
2223 2830 
2222 2829 
2221 2829 
2220 2828 
2219 2827 
2218 2826 
2217 2825 
2216 2824 
2215 2823 
2214 2823 
2213 2822 
2212 2821 
2211 2820 
2210 2819 
2209 2819 
2208 2818 
2208 2817 
2207 2817 
2206 2816 
2205 2815 
2204 2814 
2204 2815 
2203 2816 
2203 2817 
2202 2818 
2201 2819 
2200 2819 
2199 2819 
2198 2820 
2197 2820 
2196 2820 
2195 2820 
2194 2820 
2193 2820 
2192 2820 
2191 2820 
2190 2820 
2189 2820 
2188 2820 
2187 2820 
2186 2820 
2185 2820 
2184 2820 
2183 2820 
2182 2820 
2181 2820 
2180 2820 
2179 2820 
2178 2820 
2177 2820 
2176 2819 
2175 2819 
2174 2819 
2173 2819 
2172 2819 
2171 2819 
2170 2819 
2169 2818 
2168 2818 
2167 2818 
2166 2818 
2165 2818 
2164 2818 
2163 2818 
2162 2817 
2161 2817 
2160 2816 
2159 2816 
2158 2815 
2157 2815 
2156 2815 
2155 2814 
2154 2814 
2153 2813 
2152 2813 
2151 2812 
2151 2811 
2150 2811 
2149 2811 
2148 2810 
2147 2810 
2146 2809 
2145 2809 
2144 2808 
2143 2808 
2142 2807 
2141 2806 
2140 2805 
2139 2804 
2138 2804 
2137 2803 
2136 2802 
2135 2801 
2134 2801 
2133 2800 
2132 2800 
2131 2799 
2130 2799 
2129 2798 
2128 2798 
2127 2798 
2126 2798 
2125 2797 
2124 2796 
2123 2796 
2122 2795 
2121 2795 
2120 2794 
2119 2793 
2118 2793 
2117 2792 
2116 2791 
2115 2791 
2114 2790 
2113 2789 
2112 2789 
2111 2788 
2110 2788 
2109 2787 
2109 2786 
2108 2786 
2107 2786 
2106 2785 
2105 2784 
2104 2784 
2103 2783 
2102 2782 
2101 2781 
2100 2781 
2099 2780 
2098 2780 
2097 2779 
2096 2779 
2095 2779 
2094 2778 
2093 2778 
2092 2777 
2091 2777 
2090 2777 
2089 2776 
2088 2775 
2087 2775 
2086 2775 
2085 2774 
2084 2774 
2083 2773 
2082 2773 
2081 2772 
2080 2772 
2079 2771 
2078 2771 
2077 2770 
2076 2769 
2075 2769 
2074 2768 
2073 2768 
2072 2767 
2071 2767 
2070 2766 
2069 2765 
2069 2764 
2069 2765 
2068 2766 
2067 2767 
2066 2768 
2065 2769 
2064 2770 
2063 2771 
2062 2772 
2061 2772 
2060 2772 
2059 2773 
2058 2773 
2057 2773 
2056 2773 
2055 2773 
2054 2773 
2053 2774 
2052 2774 
2051 2774 
2050 2774 
2049 2774 
2048 2774 
2047 2774 
2046 2774 
2045 2774 
2044 2774 
2043 2774 
2042 2774 
2041 2774 
2040 2774 
2039 2774 
2038 2774 
2037 2774 
2036 2774 
2035 2774 
2034 2773 
2033 2773 
2032 2773 
2031 2773 
2030 2773 
2029 2773 
2028 2772 
2027 2772 
2026 2772 
2025 2771 
2024 2771 
2023 2771 
2022 2770 
2021 2770 
2020 2769 
2019 2769 
2018 2768 
2017 2768 
2016 2768 
2015 2767 
2014 2767 
2013 2767 
2012 2766 
2011 2766 
2010 2766 
2009 2765 
2008 2765 
2007 2765 
2006 2765 
2005 2765 
2004 2765 
2003 2764 
2002 2764 
2001 2763 
2000 2763 
1999 2762 
1998 2761 
1997 2760 
1996 2760 
1995 2759 
1994 2759 
1993 2758 
1992 2758 
1991 2757 
1990 2756 
1989 2756 
1988 2756 
1987 2755 
1986 2755 
1985 2754 
1984 2753 
1983 2753 
1982 2753 
1981 2753 
1980 2752 
1979 2752 
1978 2752 
1977 2751 
1976 2751 
1975 2750 
1974 2750 
1973 2750 
1972 2750 
1971 2749 
1970 2749 
1969 2749 
1968 2748 
1967 2748 
1966 2748 
1965 2748 
1964 2747 
1963 2747 
1962 2747 
1961 2746 
1960 2746 
1959 2746 
1958 2745 
1957 2745 
1956 2745 
1955 2744 
1954 2744 
1953 2744 
1952 2744 
1951 2744 
1950 2743 
1949 2743 
1948 2743 
1947 2743 
1946 2742 
1945 2742 
1944 2742 
1943 2742 
1942 2741 
1941 2741 
1940 2741 
1939 2741 
1938 2741 
1937 2740 
1936 2740 
1935 2740 
1934 2739 
1933 2739 
1932 2738 
1931 2738 
1930 2737 
1929 2736 
1928 2735 
1928 2736 
1928 2737 
1928 2738 
1928 2739 
1928 2740 
1927 2741 
1927 2742 
1927 2743 
1926 2744 
1925 2745 
1925 2746 
1924 2747 
1923 2748 
1922 2749 
1921 2750 
1920 2750 
1919 2750 
1918 2751 
1917 2752 
1916 2752 
1915 2752 
1914 2753 
1913 2753 
1912 2753 
1911 2753 
1910 2753 
1909 2754 
1908 2754 
1907 2754 
1906 2754 
1905 2754 
1904 2754 
1903 2754 
1902 2754 
1901 2754 
1900 2755 
1899 2755 
1898 2755 
1897 2755 
1896 2755 
1895 2755 
1894 2755 
1893 2754 
1892 2754 
1891 2754 
1890 2754 
1889 2754 
1888 2754 
1887 2754 
1886 2754 
1885 2754 
1884 2754 
1883 2754 
1882 2754 
1881 2753 
1880 2753 
1879 2753 
1878 2753 
1877 2753 
1876 2753 
1875 2753 
1874 2753 
1873 2753 
1872 2752 
1871 2752 
1870 2752 
1869 2752 
1868 2751 
1867 2751 
1866 2751 
1865 2751 
1864 2750 
1863 2750 
1862 2750 
1861 2749 
1860 2749 
1859 2749 
1858 2749 
1857 2749 
1856 2748 
1855 2748 
1854 2748 
1853 2748 
1852 2747 
1851 2747 
1850 2747 
1849 2746 
1848 2746 
1847 2746 
1846 2746 
1845 2745 
1844 2745 
1843 2745 
1842 2744 
1841 2744 
1840 2744 
1839 2743 
1838 2743 
1837 2742 
1836 2742 
1835 2742 
1834 2742 
1833 2742 
1832 2742 
1831 2742 
1830 2742 
1829 2741 
1828 2741 
1827 2741 
1826 2741 
1825 2740 
1824 2740 
1823 2740 
1822 2740 
1821 2739 
1820 2739 
1819 2739 
1818 2739 
1817 2738 
1816 2738 
1815 2738 
1814 2738 
1813 2737 
1812 2736 
1811 2736 
1810 2736 
1809 2735 
1808 2735 
1807 2735 
1806 2735 
1805 2735 
1804 2734 
1803 2734 
1802 2734 
1801 2734 
1800 2734 
1799 2733 
1798 2733 
1797 2733 
1796 2733 
1795 2733 
1794 2733 
1793 2732 
